1896768 1614765 1386122 2135000 2381731
1906549 2135000 2381731
1906550 2135000 2381731
1911558 1588114 1299978 2135000 2381731
1919555 1376136 1307205 1166265 2135000 2381731
1919705 2135000 2381731
1921439 1804731 1736367 1062549 1062574 1412495 964765 1224629 2135000 2381731
1921781 1921795 1921788 1777811 2135000 2381731
1921923 1880762 1680117 1560641 1560638 1350738 1296121 1296112 1065865 2135000 2381731
1925701 1693867 1642009 1536526 1471590 1190117 2135000 2381731
1925704 1631217 1482394 2135000 2381731
1925708 2135000 2381731
1928030 2135000 2381731
1928031 1712062 1942346 1563023 1230289 1468434 1415276 912482 903045 2135000 2381731
1934659 1777810 1777812 1777811 2135000 2381731
1941559 2135000 2381731
1943140 1876506 1544356 1492395 2135000 2381731
1944524 1680117 1560641 1560638 1350738 1296121 1296112 1065865 2135000 2381731
1944706 1894794 1675678 1479549 1426212 1150545 1557397 848718 2135000 2381731
1945725 1681115 1526418 1425286 1331500 2135000 2381731
1945749 1497995 1491668 1103288 2135000 2381731
1946324 1602580 1429322 1431673 1183766 1171737 961017 2135000 2381731
1948124 1872231 1536508 1399991 2135000 2381731
1948141 1746845 2135000 2381731
1948147 1667280 1641942 1587357 1173703 1166516 1055675 2135000 2381731
1948159 1693923 1581402 2135000 2381731
1948177 1707482 1470683 2135000 2381731
1948967 1523982 2135000 2381731
1949568 1844589 1701730 1612090 1612089 1589893 1612088 1526999 1468519 2135000 2381731
1949570 1906873 1744846 1612090 1612089 1589893 1612088 1526999 1468519 2135000 2381731
1949905 2135000 2381731
1950271 1806456 1806455 1605861 2135000 2381731
1951775 1525270 2135000 2381731
1953636 2135000 2381731
1954353 1711692 2135000 2381731
1954385 2135000 2381731
1954411 1765901 1654492 1384265 2135000 2381731
1954449 1909012 1905546 1628024 1477588 1477558 1452857 2135000 2381731
1954458 1959239 1607019 1573504 1573505 2135000 2381731
1954471 1711565 2135000 2381731
1954934 1912148 1712053 1541455 1492389 2135000 2381731
1956518 1574128 2135000 2381731
1957007 1890033 1524245 1369083 1183536 2135000 2381731
1957030 1602916 1589710 2135000 2381731
1957032 1957007 1890033 1524245 1369083 1183536 2135000 2381731
1957111 1957113 1859787 2135000 2381731
1957415 1942035 1741124 1573838 2135000 2381731
1958950 1555407 2135000 2381731
1960699 1663941 1584829 1584830 1580191 1697212 1193143 1193142 1106397 1422791 1404108
1960785 1591030 1531263 1491797 1154297 2135000 2381731
1960789 1881499 1576298 2135000 2381731
1960835 1944757 1615788 1726773 1482060 1182008 958299 2135000 2381731
1960871 1960781 1805923 1805931 1615779 1588663 1175274 1075120 2135000 2381731
1961411 1770414 1586684 1523823 1426209 1468420 1127558 2135000 2381731
1961436 1875014 1591697 1370359 1174219 1039036 984964 870136 2135000 2381731
1961437 1870272 1720275 1589948 1370375 1194170 1067984 1051912 2135000 2381731
1961443 1549010 2135000 2381731
1961445 1625046 1549017 1467066 1370371 1062575 2135000 2381731
1961694 1232660 2135000 2381731
1968861 1968863 1604336 2135000 2381731
1969000 1725182 1909192 1576204 1726894 1500754 1697058 1213110 1213156 2135000 2381731
1969369 1864301 1663823 2135000 2381731
1969840 1745056 1472374 2135000 2381731
1970339 1893926 1857174 1609107 1537761 1405044 1370047 1193875 1089435 2135000 2381731
1970343 1744930 1561657 1405005 1050284 986115 912235 874658 2135000 2381731
1970400 1744963 1609081 1405044 1370047 1193875 1089435 2135000 2381731
1970405 1893986 1561654 1404968 1404967 2135000 2381731
1970471 1249733 2135000 2381731
1970486 1744885 1748662 1475054 2135000 2381731
1970505 1721901 1680804 960727 2135000 2381731
1971521 1592311 1594616
1972074 1897304 1573424 2135000 2381731
1972088 1987849 1725218 1472374 2135000 2381731
1972747 1649055 1620192 1465386 1174739 2135000 2381731
1972755 1747336 1697277 1328126 2135000 2381731
1972761 1994164 1987857 1913815 1783391 1563021 1526990 1426480 1278389 1217231 1468420
1972786 1798386 1482227 1355055 2135000 2381731
1972820 1874961 1783373 1567909 1567922 1567924 1386048 1278390 2135000 2381731
1972822 1783392 1567909 1567922 1567924 1386048 1278390 2135000 2381731
1972832 1911310 1911309 1769264 1621136 1567909 1567922 1567924 1386048 1278390 2135000
1972845 1913815 1783391 1563021 1526990 1426480 1278389 1217231 1468420 1127558 2135000
1973148 2135000 2381731
1973268 1765134 1765767 1628083 2135000 2381731
1973332 1573724 2135000 2381731
1973358 1941342 2135000 2381731
1973363 1701889 1556493 2135000 2381731
1973418 1680162 1596325 2135000 2381731
1973422 1853568 1647561 1573370 1384236 2135000 2381731
1973423 1573701 2135000 2381731
1974618 1992368 1848106 1770370 1770358 1826432 2135000 2381731
1976934 1765203 1573515 2135000 2381731
1976936 1711597 1573469 1399991 2135000 2381731
1977000 1765196 1538544 2135000 2381731
1977001 1905596 1628078 1271792 1124071 2135000 2381731
1977004 1897285 1765891 1573586 1384500 2135000 2381731
1977030 1765147 1765145 1573697 1453948 1183187 2135000 2381731
1985686 1631123 2135000 2381731
1985822 1944815 1473310 1453154 2135000 2381731
1986749 1903717 2135000 2381731
1986750 1769298 1271781 1124056 2135000 2381731
1986767 1765973 1384119 2135000 2381731
1987844 1675625 1617874 1524030 1287558 2135000 2381731
1987845 1987851 1931868 1931870 1783381 1617874 1524030 1287558 2135000 2381731
1987846 1487833 1447954 1072059 2135000 2381731
1987849 1725218 1472374 2135000 2381731
1987851 1987845 1874699 1783381 1617874 1524030 1287558 2135000 2381731
1987861 1725218 1472374 2135000 2381731
1987866 1911325 1875048 1543817 1369001 2135000 2381731
1987867 1874647 1783390 1464622 1246374 1246444 2135000 2381731
1987870 1800675 1625030 1581847 1468534 1468418 1127427 2135000 2381731
1987871 1800675 1625030 1581847 1468534 1468418 1127427 2135000 2381731
1987872 1783388 1479662 1464644 1468408 1246352 2135000 2381731
1987877 1746800 1744072 2135000 2381731
1987878 1874649 1744774 1488502 2135000 2381731
1988480 1985800 1907694 1642508 1714296 1448351 1202989 2135000 2381731
1988626 1991200 1213090 1074319 2135000 2381731
1988637 1991192 1879243 1589900 1563012 1426477 1183364 2135000 2381731
1988789 1598365 1536532 1227601 1130900 2135000 2381731
1989143 1911309 1911310 1769264 1621136 1567909 1567922 1567924 1386048 1278390 2135000
1989487 1770361 1581836 1552656 2135000 2381731
1990429 1949507 1800675 1625030 1581847 1468534 1468418 1127427 2135000 2381731
1990467 1897719 1544813 2135000 2381731
1990501 1783362 1621153 1604244 1479655 1468408 1246352 2135000 2381731
1990504 1746802 1589899 1487812 1472366 1291637 2135000 2381731
1990509 1874679 1647852 1675625 1617874 1524030 1287558 2135000 2381731
1990510 1990517 1604244 1479655 1468408 1246352 2135000 2381731
1990513 2135000 2381731
1990517 1990510 1874651 1647868 1604243 1567923 1464622 1246374 1246444 2135000 2381731
1990520 1994492 1987845 1987851 1931868 1931870 1783381 1617874 1524030 1287558 2135000
1990521 1783394 1783378 1567908 1479664 1468408 1246352 2135000 2381731
1990527 1987849 1725218 1472374 2135000 2381731
1990528 1987844 1675625 1617874 1524030 1287558 2135000 2381731
1990529 1912999 1874646 1783388 1479662 1464644 1468408 1246352 2135000 2381731
1990537 1987849 1725218 1472374 2135000 2381731
1991186 1578904 1531515 1392321 2135000 2381731
1991192 1879243 1589900 1563012 1426477 1183364 2135000 2381731
1991194 1711692 2135000 2381731
1991222 1609688 1578918 1248973 2135000 2381731
1991225 1694510 2135000 2381731
1991231 1947834 1870300 1909193 1479842 2135000 2381731
1991232 1621896 1493275 1213110 1213156 2135000 2381731
1991254 1578924 1917304
1991255 1578935 2135000 2381731
1991260 1870285 1591327 1447388 1225826 1213120 1058028 2135000 2381731
1991261 1490471 1429191 1131783
1991263 1869911 1870285 1591327 1447388 1225826 1213120 1058028 2135000 2381731
1991299 1580318 1448190 1289965 1019251 878108 840547 2135000 2381731
1991464 2135000 2381731
1991872 1948162 1617266 1355024 1214622 2135000 2381731
1992368 1848106 1770370 1770358 1826432 2135000 2381731
1992373 1765839 1591739 1429726 1189353 1053488 2135000 2381731
1992397 1783928 1783952 1693933 1605971 1451242 1214640 2135000 2381731
1992415 1992465 1806449 1806453 1560987 2135000 2381731
1992432 1895057 1770414 1586684 1523823 1426209 1468420 1127558 2135000 2381731
1992465 1992415 1948123 1872258 1586590 2135000 2381731
1992590 1668260 1701373 1484157 1484156 1484117 1198208 2135000 2381731
1992781 1783610 1621527 1481774 1485101 2135000 2381731
1993225 1722901 1565723 2135000 2381731
1994253 1988572 1859813 1589689 2135000 2381731
1994688 1991231 1947834 1870300 1909193 1479842 2135000 2381731
1994701 1915796 1609712 1448193 1202648 1040542 1056173 1415299 2135000 2381731
1994743 2135000 2381731
1994849 1909188 1493254 1336362 2135000 2381731
1995094 1725183 1628729 1768592 1442519 1213107 1415509 2135000 2381731
1996153 1905603 1894919 2135000 2381731
1996157 1897289 1619981 2135000 2381731
2001912 1987849 1725218 1472374 2135000 2381731
2002858 1874859 1754216
2003146 1973331 1765767 1628083 2135000 2381731
2003151 1977001 1905596 1628078 1271792 1124071 2135000 2381731
2003386 1915625 1694058 1378798 2135000 2381731
2004039 1912226 1876952 1948914 1726860 2135000 2381731
2005674 1954397 1711658 1573505 2135000 2381731
2005675 2135000 2381731
2007414 1992465 1992415 1948123 1872258 1586590 2135000 2381731
2009201 1908770 1800319 1675646 1528303 1192508 1024191 2135000 2381731
2011328 1912006 1641401 2135000 2381731
2014829 2014861 1990474 1907252 1743677 1627624 1611389 1489745 1426267 1688037 2135000
2020211 1880459 1968411 1606342 1523877 1328148 1181214 2135000 2381731
2020224 1765828 1468192 1053480 1053486 1053479 2135000 2381731
2020235 1972820 1874961 1783373 1567909 1567922 1567924 1386048 1278390 2135000 2381731
2020236 2020235 1972820 1874961 1783373 1567909 1567922 1567924 1386048 1278390 2135000
2020238 1989149 1911310 1911309 1769264 1621136 1567909 1567922 1567924 1386048 1278390
2020736 1972845 1913815 1783391 1563021 1526990 1426480 1278389 1217231 1468420 1127558
2027461 1912006 1641401 2135000 2381731
2029498 1870245 1563390 1477836 1386043 1298824 1183346 2135000 2381731
2029510 1970435 1844589 1701730 1612090 1612089 1589893 1612088 1526999 1468519 2135000
2029511 1907030 1701730 1612090 1612089 1589893 1612088 1526999 1468519 2135000 2381731
2029515 1891199 1646513 2135000 2381731
2029549 2135000 2381731
2029951 1987871 1800675 1625030 1581847 1468534 1468418 1127427 2135000 2381731
2029956 1987871 1800675 1625030 1581847 1468534 1468418 1127427 2135000 2381731
2030246 1994490 1970488 1987845 1987851 1931868 1931870 1783381 1617874 1524030 1287558
2030478 1941012 1887018
2030483 1957295 1592340 1581870 1594648
2030484 1971519 1581946 2135000 2381731
2033323 1990464 1720270 1535785 1434026 1311634 1213667 2135000 2381731
2034501 1724246 1182567 940303 2135000 2381731
2046453 2135000 2381731
2046782 2135000 2381731
2049561 1558044 2135000 2381731
2049566 2049574 1731806 1531469 1300492 1165879 1044353 984333 2135000 2381731
2049569 2049575 2049568 1909075 1585133 1526738 1300302 1174309 1093470 1093471 2135000
2074883 2135000 2381731
2075321 2135000 2381731
2076567 1764233 1731618 1680664 1525746 1304566 1166100 2135000 2381731
2088674 2020724 1990520 1994492 1987845 1987851 1931868 1931870 1783381 1617874 1524030
2088683 1987844 1675625 1617874 1524030 1287558 2135000 2381731
2141399 1647438 1723882 2135000 2381731
2164553 2072833 1791135 1102474 2135000 2381731
2180308 2011328 1912006 1641401 2135000 2381731
