109636739 1978445248 47783339 176731030 1921393379 2054274567 2134465458
1211177409 2000335565 1994169686 1975914376 2150894409
1410719325 2479485957 2147489905 2024262300
1501242736
1523661875 1791038712 1912624207 2047152541 2162287622 1512309675 2118545728 1947202642 2164075197 1928662420 1673797905
1678450113 2243397390 1932198206 2618530766 2194775991 639708223 2117287331 1567302070 1686810756 2097117768 1709548961
1710476689 2606533435 2737047298 9976222 1901075642 1983474530 2137857332 2142780847 2186500555 2232201864 2071207147
1712265143 2271690275 760153864 2033487550 1855555568 1978524904 2049093270 2126998183
1825294361 2127812195 2113065066 1815556503 1870229778 2156433885 1982239968 2399753239 2021186992
1825307613 1549918636 2105693192 2217484818 2277973662 1992841740 2166794017 2095764512 2007822845 1966881087 2010286849
1867331094
1914749871 1855425795 635122248 2216459995 1868531013 2408125176 1803708361 1593316675 2161367205 1833998552 2145080587
2000335565 1994169686 1975914376 2150894409
2086281524 2026708242 2131077880
2105693192 2217484818 2277973662 1549918636 1825307613 2134130436 2010286849 1966881087 2007437396 2152726866
2120575449 2105198154 2165693128 121994753
2121188597 1998933811 2118069264 2057148748 2081655353
2121702870 2047296480
2149479912 2567882221
2149665650 2000335565 1994169686 1975914376 2150894409
2149734713 2109999391 1766159063 2255205876 2601846890 1683022874 2107122056 1793835291 2106866154 1933990309 2024254345
2169281690 1979279626 1999795754 2017665047
2178564501 2004264692 2142593419 108605113
2235034809 2462996230 2292288263 2142694332 1871385855 1944615693 1686810756 2097117768 2618530766 2194775991 639708223
2235146554 2469935323 2547952850 2465112080 2299462150 2487418985 2592129227 2643391362 2383526906 2586546866 1627852934
2240067561 2262823821 2195388612 2473286717 1601924930 1958706068 889023230 2159640018 1689711448 581956982 1581407678
2277419020 2509696551 1958281780 1481250414 2085486577 2027563534 2084872270
2277897549 2524898498 2047481787 2060079959 2148131268 2075733227
2277973662 2105693192 2217484818 1913585168 2772692493 2101018363 1549918636 1825307613 2134130436 2010286849 1966881087
2286715017 1982852621
2288560581 2044177954 1997152711
2291274974 837560794 1929013253 2072641892 2238043057 2051560006 2038689900
2313125707 2258129851 2142937131 2062274631
2316890442 2159023601
2326533993 2510842514 2409027918 2300605907 2212703438 582134693 2164411961 1821462560 2618530766 2194775991 639708223
2336484677 2061879449 1980081495 1910122091 2146258363 188376461 2218569681 2105767123 2030161963
2336650964 1843828865 104095019 1578087040 2105693192 2217484818 2277973662 1549918636 1825307613 2134130436 2010286849
2342445519 2526043704 2339452580 2123801550 2102889464 2077831477 2085492522 2091384774
2343409113 2007472429 2042187707 1966364372
2343963991 2024355308 2093837911 2091475503 1981238536
2344896637 2193570657 1984283796 2044348815 2138030006
2345265966 644218753 1977472428 2069277945 1996222876 2047706242
2346705140 2536054366 2180648740 1975705910 2061576204 2049748121
2408472393 2278308097 2082526944 2038524744 1993650179 1993482480 2065209922
2409027918 2326533993 2510842514 2469894155 2282641050 1689711448 581956982 1581407678 1591801644 2115701093 1889624880
2409744450 2290588870 2470713034 2400680200 2293453011 2131494463 2171810632 1606748815 1488163396 2142192571 1933349210
2412320034 2411541852 2524985544 2412782625 1910657905 1569892065 2124592697 1923697677 1529410181 1495267108 1903029394
2414114959 2527484278
2417863416 2472803348
2419448466 1910657905 1569892065 2124592697 1923697677 2412782625 639708223 2117287331 2194775991 1932624639 1483870316
2421101021 1535756296 114962334 2114010597 2024933578
2426267443 2312004824 2511131004 2173393671 1882958252 2159291411 2618530766 2194775991 639708223 2117287331 1567302070
2433379750 2276387674 1625958017 1686810756 2097117768 2618530766 2194775991 639708223 2117287331 1567302070 1950136256
2437221139 2009396619 1985521606 1995344008 1996581714
2439568532 2282821441 1996796871 2046945713 2149033360
2441126733 2256440607 2178224672 2471429164 2013568744
2461102131 2218043766 427224453 1992012098 1998044687
2462438590 1842211470 1970974975 1967932622 1994578438 2060447811
2465230368 2076980303 2035553994 1976014329 1984956521
2468328197 2413904250 2194775991 639708223 2117287331 1567302070 1686810756 2097117768 2618530766 2141125852
2468673050 1751156337 2152753105 2000817470 2063308774 2008214974
2470414691 2322691988 1494484168 2123525093 2139166279 2160257187
2473930607 2531044305 2194775991 639708223 2117287331 1567302070 1686810756 2097117768 2618530766 2141125852
2474281075 2427448504 2340920435 2269094482 1915301860 988642845 1563651445 1904063580 2116836539 2050403968 2155302366
2492063646 1979376737 2102869793 2028678875 2146487916 1975373537
2509065397 1972567154 2618530766 2194775991 639708223 2117287331 1567302070 1686810756 2097117768 1709548961 1849277567
2509597016 2345242111 2104467962 1967292572 2139447922 2107517961 2166701319
2510173137 2329567188 1496072755 2142854433 1807776025 2001401221 2066583863 2012938440 2046437476
2511261638 2423689290 2433379750 2276387674 1625958017 1686810756 2097117768 2618530766 2194775991 639708223 2117287331
2512273587 2193601189 2128120736 2146462627 2137460766
2512419914 2080668963 2008009722 2041196946
2514430732 2321308395 1807324513 1494484168 2123525093 2139166279 2160257187
2516930406 2411480514 2288995089 2475151947 2126209950 2131494463 2171810632 1606748815 1488163396 2142192571 1933349210
2518108298 2544860310 2511730936 2408279554 2331143823 2302255633 2194775991 639708223 2117287331 1567302070 1686810756
2518500747 2214615570 1267529520 2539151280 2090630554 2084465406 1523388120 2161824996
2519887557 2366141641 2090891622 1888005072 2154851992 2618530766 2194775991 639708223 2117287331 1567302070 1686810756
2520134048 2400810967 2411793894 2040966841 2089170443 1998701148 2000871520
2520432232 2418767125 2390714945 2364918774 1986024064 1990026397 2074715768 1982899185 1980647097 2081030172 2021042867
2521028896 2202109488 2173520492 2144796873 1903029394 639708223 2117287331 2194775991 1932624639 1483870316 2117539524
2522104760 2584805976 2540757487 2295073825 2014352947 2166454173 2058077223 2147427185
2522475299 2509941202 2336820608 2343912161 1559261542 2032736119 2020688906 2080900816 1988688219 2060605484 1982710301
2522924024 314655020 1973776237 1980527160 2070450901 2007318901 2054014224 1990134753 2132175842
2523137896 2239443241 2062086221 2056105196 1998796124 2153936398
2525221147 2100804571 2023539726 1964532059 2032129959 2025725209 2029513782 2085733760
2525332836 2409027918 2326533993 2510842514 2469894155 2282641050 1689711448 581956982 1581407678 1591801644 2115701093
2526910689 2319637375 60240157 2279779665 2031046392
2530583575 2004700754 2041240839 2080986991 2008103229
2530896378 2110256992 2165770381 2120172561 2167922509 2042160423
2531044305 2194775991 639708223 2117287331 1567302070 1686810756 2097117768 2618530766 2141125852
2531409750 2612445135 2279098554 2170135819 1563686443 1496650988 1928906481 56385144 2117539524 1686810756 2097117768
2533355719 1900337607 1964733653 2064604026 2069520341
2535547924 2538522345 2482726005 2214788824 2295940599 2056298239 116077224 1974678436
2537382818 2515376299 2033865693 2050597556 1980527160 2070450901 2007318901 2054014224 1990134753 2132175842
2537458122 2523714292 2735970878 2189246496 1893585201 2173520492 2144796873 1903029394 639708223 2117287331 2194775991
2537623931 2344319046 2096173332 2171631429 2052968292 2116443392 2109812741
2537679995 2341884156 2144086069 2136437513 2119091936 2166817943 2094726706 2156467546 2163603537 1806630989
2538244214 2314029052 2098676252 1686810756 2097117768 2618530766 2194775991 639708223 2117287331 1567302070 1950136256
2541693935 2474057198 1971751134 1999636742 2054034711 2066743615 2169176239
2543927648 1678450113 2243397390 1932198206 2618530766 2194775991 639708223 2117287331 1567302070 1686810756 2097117768
2544136853 2507362179 2224056471 2147526198 2161880345 2170563234 2146637813 2156465034
2545656684 2520715860 2471440592 2033850547 2092143568 1971067901 2027701365 2079193362
2545753590 2201927605 2142553004 2136101247 2148378515 2042160423
2547875792 2259167532 1646152356 2122262818 1959608418 1909320841 2097268041 2170111110 2140574335 2109034718 1705521864
2548228487 2547875792 2259167532 1646152356 2122262818 1959608418 1909320841 2097268041 2170111110 2140574335 2109034718
2548275288 2409550820 2431962807 2267126114 2097039814 2116435618 1947481528 2292288263 2142694332 1871385855 1944615693
2548356148 2339347386 2088362368 2009563254 1993719789 2166132612 2167183308
2549733045 2391648306 2345848912 2104077967 1829951598 2002852208 1975496603 2145732253
2550100435 2408283598 2511174833 2263490141 2214429195 2131494463 2171810632 1606748815 1488163396 2142192571 1933349210
2551396370 2521709538 2415755012 2417356443 2288995089 2411480514 1525961042 2126209950 2131494463 2171810632 1606748815
2551887912 2344023930 2267881773 2523728418 2442341664 2335959470 2328078142 2327562811 1850742715 1724369340 1514535095
2552027021 2516930406 2411480514 2288995089 2475151947 2126209950 2131494463 2171810632 1606748815 1488163396 2142192571
2552810632 2424475825 2012418261 2151496011 1979732124 1971715144
2553201531 2052950171 1987535593 2056870000
2553897675 2524985544 2412320034 2411541852 2173520492 2144796873 1903029394 639708223 2117287331 2194775991 1932624639
2556833785 2418011751 2178237821 2194775991 639708223 2117287331 1567302070 1686810756 2097117768 2618530766 2141125852
2557111525 1464493988 2035809725 2010592784 1990134753 2132175842
2557385283 2500109981 1953652583 2075884149 2058745787 2137429396
2557728737 639708223 2117287331 2194775991 1932624639 1483870316 2117539524 1686810756 2097117768 2618530766 2141125852
2558027072 2414248975 1824640608 8177059 1979798001
2558411436 2176686025 2165064122 2119846001 2099560269 2558692177 2126958666 2167827709
2558999090 2176758925 1975875968 2132802776 2096541451
2559011563 2173301761 2142553004 2136101247 2148378515 2042160423
2559133556 2173913502 2165770381 2120172561 2167922509 2042160423
2559482520 2229202799 2090559761 2051315170 2090663694 2042160423
2559597482 2412782625 1910657905 1569892065 2124592697 1923697677 1529410181 1495267108 1903029394 639708223 2117287331
2560017826 2405920868 2300242332 2279098554 2170135819 1563686443 1496650988 1928906481 56385144 2117539524 1686810756
2560234987 1842211470 1970974975 1967932622 1994578438 2060447811
2560313346 2463955103 1895577753 1956340063 1905882502 1947481528 2292288263 2142694332 1871385855 1944615693 1686810756
2560448787 2492063646 1979376737 2102869793 2028678875 2146487916 1975373537
2560474170 2548527721 2592685292 2294238219 1762798876 1884238496 2590620738 2513241981 2440384215 1772650917 2144041313
2560609797 2394951287 2339077268 1644641054 1686810756 2097117768 2618530766 2194775991 639708223 2117287331 1567302070
2560647685 2426267443 2312004824 2511131004 2173393671 1882958252 2159291411 2618530766 2194775991 639708223 2117287331
2560722161 2342277278 1893585201 2173520492 2144796873 1903029394 639708223 2117287331 2194775991 1932624639 1483870316
2562831529 2254352765 2043902857 2001573881 1731455596 1966162270 2002574279 2139487545 2018487515
2565125333 2279098554 2170135819 1563686443 1496650988 1928906481 56385144 2117539524 1686810756 2097117768 2618530766
2565402117 2512557432 2362916133 2066998016 2053135039 1998305813
2565628225 2194172909 1750841778 2102794653 2141408763 6247929 2147935317 2568539266
2567015638 2551887912 2344023930 2267881773 2523728418 2442341664 2335959470 2328078142 2327562811 1850742715 1724369340
2568772110 2259009889 2123307077 799327109 1991750733 2004429690 1963971515 190551272 2398354233 2064038877 2041276426
2570343428 639708223 2117287331 2194775991 1932624639 1483870316 2117539524 1686810756 2097117768 2618530766 2141125852
2570685808 2516574342 2269778407 1678450113 2243397390 1932198206 2618530766 2194775991 639708223 2117287331 1567302070
2574872930 2410082850 1816313093 2100664567 2133564696 2172140247 2130942839 2157331557 2251682575 2250489405 1675954498
2578333369 2507673992 1803135286 2130428886 1535102534 2223743052 2077692046
2579152745 2432917172 2290180618 1818102884 2247274765 204612701 1966822758 2169066052 2015268479 2047508432
2579277680 2411541852 2524985544 2412320034 2342877626 343636949 219040644 1899309388 1905829557 1838928569 1915250530
2580035316 2603330924 2541869304 2170358380
2581042172 2037759417 2603628019 2111619626 1897459031
2581282721 2336476649 1884323639 1962309857 1973352490 2090207505 2167301228 1981557739 2089936674 2015780784
2581485081 2436219157 2769602321 2414455940 2750786826 2770402827 2546420264 2301983558 2304667012 1851745115 2758918273
2581624817 2426188458 2100664567 2133564696 2172140247 2130942839 2157331557 2251682575 2250489405 1675954498 1614298861
2583674722 2515520555 2210543184 2126002144 2169113736
2583761661 2551887912 2344023930 2267881773 2523728418 2442341664 2335959470 2328078142 2327562811 1850742715 1724369340
2584998015 2511720826
2585630030 2554314924 2548275288 2409550820 2431962807 2267126114 2097039814 2116435618 1947481528 2292288263 2142694332
2588173368 2547339121 2133147437 2202978453 2072974573 2155512900 2053709830 2138405796
2593116425 2526050071 2194775991 639708223 2117287331 1567302070 1686810756 2097117768 2618530766 2141125852
2593245696 2300242332 2279098554 2170135819 1563686443 1496650988 1928906481 56385144 2117539524 1686810756 2097117768
2593634001 2683470288 2557579533 2516574342 2269778407 1678450113 2243397390 1932198206 2618530766 2194775991 639708223
2593729559 2632772789 2566832195 2557449848 2523714292 2735970878 2189246496 1893585201 2173520492 2144796873 1903029394
2593768305 2312004824 2511131004 2173393671 1882958252 2159291411 2618530766 2194775991 639708223 2117287331 1567302070
2593892853 2516574342 2269778407 1678450113 2243397390 1932198206 2618530766 2194775991 639708223 2117287331 1567302070
2594867206 2593892853 2516574342 2269778407 1678450113 2243397390 1932198206 2618530766 2194775991 639708223 2117287331
2594877703 2543296129 1678450113 2243397390 1932198206 2618530766 2194775991 639708223 2117287331 1567302070 1686810756
2597655663 2496570145 2131494463 2171810632 1606748815 1488163396 2142192571 1933349210 2273038706 1575833922 1706899115
2598457882 2618530766 2194775991 639708223 2117287331 1567302070 1686810756 2097117768 1709548961 1849277567 2161381512
2598581049 2552465644 2523714292 2735970878 2189246496 1893585201 2173520492 2144796873 1903029394 639708223 2117287331
2599743206 2544767710 2252381721 2607623312 2565831772 2577656483 2236647290 2327805699 2266769560 1874138657 119312837
2600383743 2559597482 2412782625 1910657905 1569892065 2124592697 1923697677 1529410181 1495267108 1903029394 639708223
2601289346 2081388781
2601450892 2412589713 2280377497 2269892441 2174412056 2228605760 2290226688 2225156818 2398025765 1578280467 1854348894
2601934706 2462108616 2290556776 2034933205 2023691360 2118260473 2169777381 2052938279 2128983843 2108051165
2602420801 919304072 1988684310 2013849176 1983601936 2049450500 2037063559 1977042441
2604107963 2465230368 2076980303 2035553994 1976014329 1984956521
2604844934 2573650873 2403798021 1907293129 2048642037 2252150191 1424543055 1561641428 2529173666 2188776605 1563556756
2605056515 2586880591 2072918376 1975640002 2045867791 1968983915 2083447794 2135733203
2605135824 2592298275 2577946330 2564591810 2552465644 2523714292 2735970878 2189246496 1893585201 2173520492 2144796873
2605195953 2564591810 2552465644 2523714292 2735970878 2189246496 1893585201 2173520492 2144796873 1903029394 639708223
2605212061 2728444691 2549957142 2551012455 2432402544 2515904052 2326772079 1991209141 1994380990 1998443077 2089074647
2606031165 2563128797 1959686571 2150701149
2606780347 2581887665 2277195237 1606748815 1488163396 2142192571 1933349210 2273038706 1575833922 1706899115 1811254738
2607219512 2625220439 2619479788 2269778407 1678450113 2243397390 1932198206 2618530766 2194775991 639708223 2117287331
2608015370 2605287558 2552465644 2523714292 2735970878 2189246496 1893585201 2173520492 2144796873 1903029394 639708223
2609551972 2535017472 2175390955 2061741442 2054530608 2147526198 2161880345 2170563234 2146637813 2156465034
2610190180 2269778407 1678450113 2243397390 1932198206 2618530766 2194775991 639708223 2117287331 1567302070 1686810756
2610656577 2544493586 2175270296 2163316049 2035755292 2129615006
2611604995 2557496587 2320168961 2164461702 2101291993 2102027645 2163603537 1806630989
2611984779 2090763911 2001612033 1970719393 2071341607 1969946769 2027927824 1976724965 2098149468
2612431505 2558203065 2810840719 2586847566 2608175740 2594726847 2593751037 889023230 1958706068 2296712013 2159640018
2613185130 2592134893 2040691850 2092165551 1982485306 2015521547 2044224476
2613387059 2517744317 2529173666 2252150191 1424543055 1561641428 2100818808 1829921177 189940358 2182494219 2576585009
2613526370 2560730294 2745461083 2745132836 2496096353 2438044634 2231285690 2584723080 2522258376 2475269242 2391839782
2618530766 2194775991 639708223 2117287331 1567302070 1686810756 2097117768 1709548961 1849277567 2161381512 2102605133
2618824331 2315350756 2017889431 2591758964 2076766986 2118765159
2619145493 2554408731
2619538244 2592939477 2412782625 1910657905 1569892065 2124592697 1923697677 1529410181 1495267108 1903029394 639708223
2620038827 2604147826 2594717275 2516574342 2269778407 1678450113 2243397390 1932198206 2618530766 2194775991 639708223
2622263826 2549139847 2400429454 2279098554 2170135819 1563686443 1496650988 1928906481 56385144 2117539524 1686810756
2624413595 2176412452 1677182931 2618530766 2194775991 639708223 2117287331 1567302070 1686810756 2097117768 1709548961
2624431344 2604942799 2366141641 2090891622 1888005072 2154851992 2618530766 2194775991 639708223 2117287331 1567302070
2624503621 2560609797 2394951287 2339077268 1644641054 1686810756 2097117768 2618530766 2194775991 639708223 2117287331
2626778328 2612675303 2606974598 2341401723 2280798142 2333611780 2307381258 2304113845 1591706642 1869752048 2118434577
2702116941 2605056515 2586880591 2072918376 1975640002 2045867791 1968983915 2083447794 2135733203
2731659850 2411407485 2074957607 2041326027 2060067879 1999738283 2011118332 1786162340 1568993167
2736601468 2556958149 2260756217 2173564293 2201581102 1658008008 2618530766 2194775991 639708223 2117287331 1567302070
2738015883 2601454101 2552027021 2516930406 2411480514 2288995089 2475151947 2126209950 2131494463 2171810632 1606748815
2739748921 2554314924 2548275288 2409550820 2431962807 2267126114 2097039814 2116435618 1947481528 2292288263 2142694332
2740747242 2521709538 2415755012 2417356443 2288995089 2411480514 1525961042 2126209950 2131494463 2171810632 1606748815
2751777443 2253535400 1946375465 1934184906 2168894214 1686810756 2097117768 2618530766 2194775991 639708223 2117287331
2761688050 2557496587 2320168961 2164461702 2101291993 2102027645 2163603537 1806630989
2766527293 2554314924 2548275288 2409550820 2431962807 2267126114 2097039814 2116435618 1947481528 2292288263 2142694332
2767683865 1960974681 2069928158
2770178180 1900337607 1964733653 2064604026 2069520341
2770710070 2342813089 2323577791 2340527100 2343951268 2404015798 2343432705 1970974975 1967932622 1994578438 2060447811
2771328536 2194756172 959778778 1975875968 2132802776 2096541451
2783774416 2560195950 2524195644
644218753 1977472428 2069277945 1996222876 2047706242
